surface:3.141593 volume:0.687093
R:0.735308 r:0.403378 h:0.656126
