Qs(0):0.000000
Qs(1):0.000000
Qs(2):0.000000
Qs(3):0.000000
Qs(4):0.000000
Qs(5):0.000000
Qs(6):0.000000
Qs(7):0.000000
Qc(0):0.000000
Qc(1):0.000000
Qc(2):0.000000
Qc(3):0.000000
Qc(4):0.000000
Qc(5):0.000000
Qc(6):0.000000
Qc(7):0.000000
Qc(8):0.000000
Qc(9):0.000000
Qc(10):0.000000
Qc(11):0.000000
Qc(12):0.000000
Qc(13):0.000000
Qc(14):0.000000
Qc(15):0.000000
Qc(16):0.000000
Qc(17):0.000000
Qc(18):0.000000
Qc(19):0.000000
Qc(20):0.000000
Qc(21):0.000000
Qc(22):0.000000
Qc(23):0.000000
Qc(24):0.000000
Qc(25):0.000000
Qc(26):0.000000
Qc(27):0.000000
Qc(28):0.000000
Qc(29):0.000000
Qc(30):0.000000
Qc(31):0.000000
Qc(32):0.000000
Qc(33):0.000000
Qc(34):8143.000000
Qc(35):0.000000
Qc(36):0.000000
Qc(37):0.000000
Qc(38):4460.000000
Qc(39):9999.000000
Qc(40):0.000000
Qc(41):3562.000000
Qc(42):3836.000000
Qc(43):0.000000
Qc(44):0.000000
Qc(45):0.000000
Qc(46):0.000000
Qc(47):0.000000
Qc(48):0.000000
total_cost: 18 M$
stock_used:0.000000 Tm
total_production:30000.000000 Tm
density:0.950002
beneficios:-223.898706 $/Tm
azufre:0.315336 