obj=5601.961300
b=74.000000
r2.000000=72.000000
r3.000000=8.000000
