obj=-215.000000
x1=3.141593
x2=6.000000
