obj=0.000000
x1=0.000000
x2=0.000000
