obj=-1.000000
x1=0.985222
x2=4.608721
