obj=0.000240
x1=0.985609
x2=0.972002
